 ,java,python,matlab,html,cpp,c,mysql,javascript,sql
java,1,0.61,0.48,0.26,0.61,0.33,0.36,0.41,0.33
python,0.61,1,0.6,0.2,0.57,0.26,0.42,0.38,0.3
matlab,0.48,0.6,1,0.05,0.6,0.38,0.29,0.25,0.28
html,0.26,0.2,0.05,1,0.13,0.13,0.3,0.62,0.33
cpp,0.61,0.57,0.6,0.13,1,0.47,0.19,0.29,0.25
c,0.33,0.26,0.38,0.13,0.47,1,0.13,0.15,0.19
mysql,0.36,0.42,0.29,0.3,0.19,0.13,1,0.31,0.72
javascript,0.41,0.38,0.25,0.62,0.29,0.15,0.31,1,0.28
sql,0.33,0.3,0.28,0.33,0.25,0.19,0.72,0.28,1
